4945.59682279085 5332.74846999953 89
4534.52584306049 5295.75216999884 89
4147.8560782261 5359.30077999956 89
3209.16468428182 5275.62454000025 89
1736.0407717631 5372.7850599997 89
2155.37671628454 6241.42887999987 89
1749.22478078705 6434.20368999979 89
1379.91483338852 6533.62638999976 89
1000 6581.9635599992 89
5733.54861610982 5354.5644100001 89
5344.59501347459 5348.57040999899 89
3619.08399476149 5759.17827999976 89
4508.1905503127 6589.96332999985 89
3314.66550976087 6732.10215999945 89
2526.87442576814 7790.19078999909 89
2898.44570969705 8040.07509999958 89
3247.76635418882 8306.3019399995 89
3634.12667819648 8296.03443999985 89
6914.43704279153 5351.47749999922 89
6515.03324119832 5322.26784999994 89
6124.93533285094 5328.32400999985 89
6581.04382781591 6613.37989000019 89
6970.55545611119 6518.93664999997 89
7490.36553978318 6512.71731999975 89
7839.74744598129 6679.25394999966 89
8167.79550134607 6947.36112999928 89
8532.83891068667 6814.22994999956 89
9243.23768878504 6209.5785400003 89
9694.57045075893 6474.65209000043 89
10076.5453094221 6129.75510999953 89
10556.1410753349 6214.53579999982 89
11282.3059026059 6212.25697000035 89
9140.78705112774 4256.9697699999 89
9544.25898676168 4260.11328999971 89
10027.1392358941 4194.09826000016 89
11668.5924014434 6227.48616999928 89
12070.2823660943 6192.43680999968 89
12477.8500286081 6150.17910999979 89
12852.0322767401 6235.74012999927 89
13233.166685533 6147.38523999954 89
13680.4487149727 6246.16191999969 89
14103.1683321823 6244.22274999943 89
14454.1897723591 5382.51642999985 89
14890.9656897423 5418.43936000002 89
12381.4140620889 4186.96206999974 89
12798.0174443051 4238.3417499996 89
13236.2459994445 4244.81860000021 89
13671.0955030248 4243.20354999961 89
14068.1716350219 4265.28810999964 89
15628.3529202931 3561.05970999962 89
16062.0320770616 3549.94971999916 89
16496.4059691088 3520.84551999903 89
17671.1946136323 3311.30748999969 89
13159.9232139843 2969.34978999959 89
13665.828656525 2953.13490999954 89
14079.8499797834 2995.83882999929 89
14482.8012843587 3021.74844999987 89
14886.7108992965 2962.75639000007 89
15291.8217816854 2605.59612999963 89
16921.8426065795 1818.70158999979 89
17305.9713338364 1792.33909000005 89
17718.6304537238 1781.29236999992 89
12084.8214325181 1136.00719000019 89
12493.8257322539 1205.15907999954 89
12908.7436425966 1208.22379000019 89
13290.2517901306 1190.34168999897 89
13723.8562442465 1105.28460999982 89
14071.2478133878 1258.11828999977 89
14470.5898562374 1211.67588999944 89
14898.0166601463 1160.57481999938 89
15482.0450175113 1000 89
7857.14605052356 3759.34455999961 89
8297.64497255826 3605.28654999942 89
9662.44837230647 2978.66490999951 89
9969.30112842304 2557.13463999976 89
10884.2081675557 2945.42484999986 89
11237.8270789119 3375.26791000018 89
11649.1675311587 3676.28436999977 89
12059.9175383823 3698.59758999926 89
7440.38339033153 3574.95469000011 89
6953.49522678586 3369.02748999914 89
6567.54620406994 3408.10947999935 89
6170.81417245273 3356.52555999978 89
5778.82457754979 3329.82561999967 89
5285.9260624063 3684.42510999979 89
4901.31031076049 3615.89259999885 89
4586.14968138251 3387.8897199995 89
4194.49553696465 3328.69008999965 89
